Method: erf
	0 dload_0 (1, 1)
	1 dload_2 (1, 1)
	2 dcmpl (1, 1)
	3 ifle (1, 1)
	4 10 (1, 1)
	6 dload_2 (1, 1)
	7 dload_0 (1, 1)
	8 invokestatic (1, 1)
	9 org/apache/commons/math3/special/Erf.erf:(DD)D (1, 1)
	11 dneg (1, 1)
	12 dreturn (1, 1)
	13 dload_0 (0, 0)
	14 ldc2_w (0, 0)
	15 -0.4769362762044697 (0, 0)
	17 dcmpg (0, 0)
	18 ifge (0, 0)
	19 35 (0, 0)
	21 dload_2 (0, 0)
	22 dconst_0 (0, 0)
	23 dcmpg (0, 0)
	24 ifge (0, 0)
	25 17 (0, 0)
	27 dload_2 (0, 0)
	28 dneg (0, 0)
	29 invokestatic (0, 0)
	30 org/apache/commons/math3/special/Erf.erfc:(D)D (0, 0)
	32 dload_0 (0, 0)
	33 dneg (0, 0)
	34 invokestatic (0, 0)
	35 org/apache/commons/math3/special/Erf.erfc:(D)D (0, 0)
	37 dsub (0, 0)
	38 goto (0, 0)
	39 50 (0, 0)
	41 dload_2 (0, 0)
	42 invokestatic (0, 0)
	43 org/apache/commons/math3/special/Erf.erf:(D)D (0, 0)
	45 dload_0 (0, 0)
	46 invokestatic (0, 0)
	47 org/apache/commons/math3/special/Erf.erf:(D)D (0, 0)
	49 dsub (0, 0)
	50 goto (0, 0)
	51 38 (0, 0)
	53 dload_2 (0, 0)
	54 ldc2_w (0, 0)
	55 0.4769362762044697 (0, 0)
	57 dcmpl (0, 0)
	58 ifle (0, 0)
	59 21 (0, 0)
	61 dload_0 (0, 0)
	62 dconst_0 (0, 0)
	63 dcmpl (0, 0)
	64 ifle (0, 0)
	65 15 (0, 0)
	67 dload_0 (0, 0)
	68 invokestatic (0, 0)
	69 org/apache/commons/math3/special/Erf.erfc:(D)D (0, 0)
	71 dload_2 (0, 0)
	72 invokestatic (0, 0)
	73 org/apache/commons/math3/special/Erf.erfc:(D)D (0, 0)
	75 dsub (0, 0)
	76 goto (0, 0)
	77 12 (0, 0)
	79 dload_2 (0, 0)
	80 invokestatic (0, 0)
	81 org/apache/commons/math3/special/Erf.erf:(D)D (0, 0)
	83 dload_0 (0, 0)
	84 invokestatic (0, 0)
	85 org/apache/commons/math3/special/Erf.erf:(D)D (0, 0)
	87 dsub (0, 0)
	88 dreturn (0, 0)

Method: erfc
	0 dload_0 (1, 1)
	1 invokestatic (1, 1)
	2 org/apache/commons/math3/util/FastMath.abs:(D)D (1, 1)
	4 ldc2_w (1, 1)
	5 40.0 (1, 1)
	7 dcmpl (1, 1)
	8 ifle (1, 1)
	9 17 (1, 1)
	11 dload_0 (1, 1)
	12 dconst_0 (1, 1)
	13 dcmpl (1, 1)
	14 ifle (1, 1)
	15 7 (1, 1)
	17 dconst_0 (1, 1)
	18 goto (1, 1)
	19 6 (1, 1)
	21 ldc2_w (1, 1)
	22 2.0 (1, 1)
	24 dreturn (1, 1)
	25 ldc2_w (0, 0)
	26 0.5 (0, 0)
	28 dload_0 (0, 0)
	29 dload_0 (0, 0)
	30 dmul (0, 0)
	31 ldc2_w (0, 0)
	32 1e-15 (0, 0)
	34 sipush (0, 0)
	35 10000 (0, 0)
	37 invokestatic (0, 0)
	38 org/apache/commons/math3/special/Gamma.regularizedGammaQ:(DDDI)D (0, 0)
	40 dstore_2 (0, 0)
	41 dload_0 (0, 0)
	42 dconst_0 (0, 0)
	43 dcmpg (0, 0)
	44 ifge (0, 0)
	45 11 (0, 0)
	47 ldc2_w (0, 0)
	48 2.0 (0, 0)
	50 dload_2 (0, 0)
	51 dsub (0, 0)
	52 goto (0, 0)
	53 4 (0, 0)
	55 dload_2 (0, 0)
	56 dreturn (0, 0)

Method: erfInv
	0 dconst_1 (0, 0)
	1 dload_0 (0, 0)
	2 dsub (0, 0)
	3 dconst_1 (0, 0)
	4 dload_0 (0, 0)
	5 dadd (0, 0)
	6 dmul (0, 0)
	7 invokestatic (0, 0)
	8 org/apache/commons/math3/util/FastMath.log:(D)D (0, 0)
	10 dneg (0, 0)
	11 dstore_2 (0, 0)
	12 dload_2 (1, 1)
	13 ldc2_w (1, 1)
	14 6.25 (1, 1)
	16 dcmpg (1, 1)
	17 ifge (1, 1)
	18 237 (1, 1)
	20 dload_2 (1, 1)
	21 ldc2_w (1, 1)
	22 3.125 (1, 1)
	24 dsub (1, 1)
	25 dstore_2 (1, 1)
	26 ldc2_w (1, 1)
	27 -3.64441206401782e-21 (1, 1)
	29 dstore (1, 1)
	30 #4 (1, 1)
	31 ldc2_w (1, 1)
	32 -1.6850591381820166e-19 (1, 1)
	34 dload (1, 1)
	35 #4 (1, 1)
	36 dload_2 (1, 1)
	37 dmul (1, 1)
	38 dadd (1, 1)
	39 dstore (1, 1)
	40 #4 (1, 1)
	41 ldc2_w (1, 1)
	42 1.28584807152564e-18 (1, 1)
	44 dload (1, 1)
	45 #4 (1, 1)
	46 dload_2 (1, 1)
	47 dmul (1, 1)
	48 dadd (1, 1)
	49 dstore (1, 1)
	50 #4 (1, 1)
	51 ldc2_w (1, 1)
	52 1.1157877678025181e-17 (1, 1)
	54 dload (1, 1)
	55 #4 (1, 1)
	56 dload_2 (1, 1)
	57 dmul (1, 1)
	58 dadd (1, 1)
	59 dstore (1, 1)
	60 #4 (1, 1)
	61 ldc2_w (1, 1)
	62 -1.333171662854621e-16 (1, 1)
	64 dload (1, 1)
	65 #4 (1, 1)
	66 dload_2 (1, 1)
	67 dmul (1, 1)
	68 dadd (1, 1)
	69 dstore (1, 1)
	70 #4 (1, 1)
	71 ldc2_w (1, 1)
	72 2.0972767875968562e-17 (1, 1)
	74 dload (1, 1)
	75 #4 (1, 1)
	76 dload_2 (1, 1)
	77 dmul (1, 1)
	78 dadd (1, 1)
	79 dstore (1, 1)
	80 #4 (1, 1)
	81 ldc2_w (1, 1)
	82 6.637638134358324e-15 (1, 1)
	84 dload (1, 1)
	85 #4 (1, 1)
	86 dload_2 (1, 1)
	87 dmul (1, 1)
	88 dadd (1, 1)
	89 dstore (1, 1)
	90 #4 (1, 1)
	91 ldc2_w (1, 1)
	92 -4.054566272975207e-14 (1, 1)
	94 dload (1, 1)
	95 #4 (1, 1)
	96 dload_2 (1, 1)
	97 dmul (1, 1)
	98 dadd (1, 1)
	99 dstore (1, 1)
	100 #4 (1, 1)
	101 ldc2_w (1, 1)
	102 -8.151934197605472e-14 (1, 1)
	104 dload (1, 1)
	105 #4 (1, 1)
	106 dload_2 (1, 1)
	107 dmul (1, 1)
	108 dadd (1, 1)
	109 dstore (1, 1)
	110 #4 (1, 1)
	111 ldc2_w (1, 1)
	112 2.6335093153082323e-12 (1, 1)
	114 dload (1, 1)
	115 #4 (1, 1)
	116 dload_2 (1, 1)
	117 dmul (1, 1)
	118 dadd (1, 1)
	119 dstore (1, 1)
	120 #4 (1, 1)
	121 ldc2_w (1, 1)
	122 -1.2975133253453532e-11 (1, 1)
	124 dload (1, 1)
	125 #4 (1, 1)
	126 dload_2 (1, 1)
	127 dmul (1, 1)
	128 dadd (1, 1)
	129 dstore (1, 1)
	130 #4 (1, 1)
	131 ldc2_w (1, 1)
	132 -5.415412054294628e-11 (1, 1)
	134 dload (1, 1)
	135 #4 (1, 1)
	136 dload_2 (1, 1)
	137 dmul (1, 1)
	138 dadd (1, 1)
	139 dstore (1, 1)
	140 #4 (1, 1)
	141 ldc2_w (1, 1)
	142 1.0512122733215323e-09 (1, 1)
	144 dload (1, 1)
	145 #4 (1, 1)
	146 dload_2 (1, 1)
	147 dmul (1, 1)
	148 dadd (1, 1)
	149 dstore (1, 1)
	150 #4 (1, 1)
	151 ldc2_w (1, 1)
	152 -4.112633980346984e-09 (1, 1)
	154 dload (1, 1)
	155 #4 (1, 1)
	156 dload_2 (1, 1)
	157 dmul (1, 1)
	158 dadd (1, 1)
	159 dstore (1, 1)
	160 #4 (1, 1)
	161 ldc2_w (1, 1)
	162 -2.9070369957882005e-08 (1, 1)
	164 dload (1, 1)
	165 #4 (1, 1)
	166 dload_2 (1, 1)
	167 dmul (1, 1)
	168 dadd (1, 1)
	169 dstore (1, 1)
	170 #4 (1, 1)
	171 ldc2_w (1, 1)
	172 4.2347877827932404e-07 (1, 1)
	174 dload (1, 1)
	175 #4 (1, 1)
	176 dload_2 (1, 1)
	177 dmul (1, 1)
	178 dadd (1, 1)
	179 dstore (1, 1)
	180 #4 (1, 1)
	181 ldc2_w (1, 1)
	182 -1.3654692000834679e-06 (1, 1)
	184 dload (1, 1)
	185 #4 (1, 1)
	186 dload_2 (1, 1)
	187 dmul (1, 1)
	188 dadd (1, 1)
	189 dstore (1, 1)
	190 #4 (1, 1)
	191 ldc2_w (1, 1)
	192 -1.3882523362786469e-05 (1, 1)
	194 dload (1, 1)
	195 #4 (1, 1)
	196 dload_2 (1, 1)
	197 dmul (1, 1)
	198 dadd (1, 1)
	199 dstore (1, 1)
	200 #4 (1, 1)
	201 ldc2_w (1, 1)
	202 0.00018673420803405714 (1, 1)
	204 dload (1, 1)
	205 #4 (1, 1)
	206 dload_2 (1, 1)
	207 dmul (1, 1)
	208 dadd (1, 1)
	209 dstore (1, 1)
	210 #4 (1, 1)
	211 ldc2_w (1, 1)
	212 -0.000740702534166267 (1, 1)
	214 dload (1, 1)
	215 #4 (1, 1)
	216 dload_2 (1, 1)
	217 dmul (1, 1)
	218 dadd (1, 1)
	219 dstore (1, 1)
	220 #4 (1, 1)
	221 ldc2_w (1, 1)
	222 -0.006033670871430149 (1, 1)
	224 dload (1, 1)
	225 #4 (1, 1)
	226 dload_2 (1, 1)
	227 dmul (1, 1)
	228 dadd (1, 1)
	229 dstore (1, 1)
	230 #4 (1, 1)
	231 ldc2_w (1, 1)
	232 0.24015818242558962 (1, 1)
	234 dload (1, 1)
	235 #4 (1, 1)
	236 dload_2 (1, 1)
	237 dmul (1, 1)
	238 dadd (1, 1)
	239 dstore (1, 1)
	240 #4 (1, 1)
	241 ldc2_w (1, 1)
	242 1.6536545626831027 (1, 1)
	244 dload (1, 1)
	245 #4 (1, 1)
	246 dload_2 (1, 1)
	247 dmul (1, 1)
	248 dadd (1, 1)
	249 dstore (1, 1)
	250 #4 (1, 1)
	251 goto (1, 1)
	252 397 (1, 1)
	254 dload_2 (2, 1)
	255 ldc2_w (2, 1)
	256 16.0 (2, 1)
	258 dcmpg (2, 1)
	259 ifge (2, 1)
	260 200 (2, 1)
	262 dload_2 (2, 1)
	263 invokestatic (2, 1)
	264 org/apache/commons/math3/util/FastMath.sqrt:(D)D (2, 1)
	266 ldc2_w (2, 1)
	267 3.25 (2, 1)
	269 dsub (2, 1)
	270 dstore_2 (2, 1)
	271 ldc2_w (2, 1)
	272 2.2137376921775787e-09 (2, 1)
	274 dstore (2, 1)
	275 #4 (2, 1)
	276 ldc2_w (2, 1)
	277 9.075656193888539e-08 (2, 1)
	279 dload (2, 1)
	280 #4 (2, 1)
	281 dload_2 (2, 1)
	282 dmul (2, 1)
	283 dadd (2, 1)
	284 dstore (2, 1)
	285 #4 (2, 1)
	286 ldc2_w (2, 1)
	287 -2.7517406297064545e-07 (2, 1)
	289 dload (2, 1)
	290 #4 (2, 1)
	291 dload_2 (2, 1)
	292 dmul (2, 1)
	293 dadd (2, 1)
	294 dstore (2, 1)
	295 #4 (2, 1)
	296 ldc2_w (2, 1)
	297 1.8239629214389228e-08 (2, 1)
	299 dload (2, 1)
	300 #4 (2, 1)
	301 dload_2 (2, 1)
	302 dmul (2, 1)
	303 dadd (2, 1)
	304 dstore (2, 1)
	305 #4 (2, 1)
	306 ldc2_w (2, 1)
	307 1.5027403968909828e-06 (2, 1)
	309 dload (2, 1)
	310 #4 (2, 1)
	311 dload_2 (2, 1)
	312 dmul (2, 1)
	313 dadd (2, 1)
	314 dstore (2, 1)
	315 #4 (2, 1)
	316 ldc2_w (2, 1)
	317 -4.013867526981546e-06 (2, 1)
	319 dload (2, 1)
	320 #4 (2, 1)
	321 dload_2 (2, 1)
	322 dmul (2, 1)
	323 dadd (2, 1)
	324 dstore (2, 1)
	325 #4 (2, 1)
	326 ldc2_w (2, 1)
	327 2.9234449089955446e-06 (2, 1)
	329 dload (2, 1)
	330 #4 (2, 1)
	331 dload_2 (2, 1)
	332 dmul (2, 1)
	333 dadd (2, 1)
	334 dstore (2, 1)
	335 #4 (2, 1)
	336 ldc2_w (2, 1)
	337 1.2475304481671779e-05 (2, 1)
	339 dload (2, 1)
	340 #4 (2, 1)
	341 dload_2 (2, 1)
	342 dmul (2, 1)
	343 dadd (2, 1)
	344 dstore (2, 1)
	345 #4 (2, 1)
	346 ldc2_w (2, 1)
	347 -4.7318229009055734e-05 (2, 1)
	349 dload (2, 1)
	350 #4 (2, 1)
	351 dload_2 (2, 1)
	352 dmul (2, 1)
	353 dadd (2, 1)
	354 dstore (2, 1)
	355 #4 (2, 1)
	356 ldc2_w (2, 1)
	357 6.828485145957318e-05 (2, 1)
	359 dload (2, 1)
	360 #4 (2, 1)
	361 dload_2 (2, 1)
	362 dmul (2, 1)
	363 dadd (2, 1)
	364 dstore (2, 1)
	365 #4 (2, 1)
	366 ldc2_w (2, 1)
	367 2.4031110387097894e-05 (2, 1)
	369 dload (2, 1)
	370 #4 (2, 1)
	371 dload_2 (2, 1)
	372 dmul (2, 1)
	373 dadd (2, 1)
	374 dstore (2, 1)
	375 #4 (2, 1)
	376 ldc2_w (2, 1)
	377 -0.0003550375203628475 (2, 1)
	379 dload (2, 1)
	380 #4 (2, 1)
	381 dload_2 (2, 1)
	382 dmul (2, 1)
	383 dadd (2, 1)
	384 dstore (2, 1)
	385 #4 (2, 1)
	386 ldc2_w (2, 1)
	387 0.0009532893797373805 (2, 1)
	389 dload (2, 1)
	390 #4 (2, 1)
	391 dload_2 (2, 1)
	392 dmul (2, 1)
	393 dadd (2, 1)
	394 dstore (2, 1)
	395 #4 (2, 1)
	396 ldc2_w (2, 1)
	397 -0.0016882755560235047 (2, 1)
	399 dload (2, 1)
	400 #4 (2, 1)
	401 dload_2 (2, 1)
	402 dmul (2, 1)
	403 dadd (2, 1)
	404 dstore (2, 1)
	405 #4 (2, 1)
	406 ldc2_w (2, 1)
	407 0.002491442096107851 (2, 1)
	409 dload (2, 1)
	410 #4 (2, 1)
	411 dload_2 (2, 1)
	412 dmul (2, 1)
	413 dadd (2, 1)
	414 dstore (2, 1)
	415 #4 (2, 1)
	416 ldc2_w (2, 1)
	417 -0.003751208507569241 (2, 1)
	419 dload (2, 1)
	420 #4 (2, 1)
	421 dload_2 (2, 1)
	422 dmul (2, 1)
	423 dadd (2, 1)
	424 dstore (2, 1)
	425 #4 (2, 1)
	426 ldc2_w (2, 1)
	427 0.005370914553590064 (2, 1)
	429 dload (2, 1)
	430 #4 (2, 1)
	431 dload_2 (2, 1)
	432 dmul (2, 1)
	433 dadd (2, 1)
	434 dstore (2, 1)
	435 #4 (2, 1)
	436 ldc2_w (2, 1)
	437 1.0052589676941592 (2, 1)
	439 dload (2, 1)
	440 #4 (2, 1)
	441 dload_2 (2, 1)
	442 dmul (2, 1)
	443 dadd (2, 1)
	444 dstore (2, 1)
	445 #4 (2, 1)
	446 ldc2_w (2, 1)
	447 3.0838856104922208 (2, 1)
	449 dload (2, 1)
	450 #4 (2, 1)
	451 dload_2 (2, 1)
	452 dmul (2, 1)
	453 dadd (2, 1)
	454 dstore (2, 1)
	455 #4 (2, 1)
	456 goto (2, 1)
	457 192 (2, 1)
	459 dload_2 (3, 1)
	460 invokestatic (3, 1)
	461 java/lang/Double.isInfinite:(D)Z (3, 1)
	463 ifne (3, 1)
	464 180 (3, 1)
	466 dload_2 (3, 1)
	467 invokestatic (3, 1)
	468 org/apache/commons/math3/util/FastMath.sqrt:(D)D (3, 1)
	470 ldc2_w (3, 1)
	471 5.0 (3, 1)
	473 dsub (3, 1)
	474 dstore_2 (3, 1)
	475 ldc2_w (3, 1)
	476 -2.7109920616438573e-11 (3, 1)
	478 dstore (3, 1)
	479 #4 (3, 1)
	480 ldc2_w (3, 1)
	481 -2.555641816996525e-10 (3, 1)
	483 dload (3, 1)
	484 #4 (3, 1)
	485 dload_2 (3, 1)
	486 dmul (3, 1)
	487 dadd (3, 1)
	488 dstore (3, 1)
	489 #4 (3, 1)
	490 ldc2_w (3, 1)
	491 1.5076572693500548e-09 (3, 1)
	493 dload (3, 1)
	494 #4 (3, 1)
	495 dload_2 (3, 1)
	496 dmul (3, 1)
	497 dadd (3, 1)
	498 dstore (3, 1)
	499 #4 (3, 1)
	500 ldc2_w (3, 1)
	501 -3.789465440126737e-09 (3, 1)
	503 dload (3, 1)
	504 #4 (3, 1)
	505 dload_2 (3, 1)
	506 dmul (3, 1)
	507 dadd (3, 1)
	508 dstore (3, 1)
	509 #4 (3, 1)
	510 ldc2_w (3, 1)
	511 7.61570120807834e-09 (3, 1)
	513 dload (3, 1)
	514 #4 (3, 1)
	515 dload_2 (3, 1)
	516 dmul (3, 1)
	517 dadd (3, 1)
	518 dstore (3, 1)
	519 #4 (3, 1)
	520 ldc2_w (3, 1)
	521 -1.496002662714924e-08 (3, 1)
	523 dload (3, 1)
	524 #4 (3, 1)
	525 dload_2 (3, 1)
	526 dmul (3, 1)
	527 dadd (3, 1)
	528 dstore (3, 1)
	529 #4 (3, 1)
	530 ldc2_w (3, 1)
	531 2.914795345090108e-08 (3, 1)
	533 dload (3, 1)
	534 #4 (3, 1)
	535 dload_2 (3, 1)
	536 dmul (3, 1)
	537 dadd (3, 1)
	538 dstore (3, 1)
	539 #4 (3, 1)
	540 ldc2_w (3, 1)
	541 -6.771199775845234e-08 (3, 1)
	543 dload (3, 1)
	544 #4 (3, 1)
	545 dload_2 (3, 1)
	546 dmul (3, 1)
	547 dadd (3, 1)
	548 dstore (3, 1)
	549 #4 (3, 1)
	550 ldc2_w (3, 1)
	551 2.2900482228026655e-07 (3, 1)
	553 dload (3, 1)
	554 #4 (3, 1)
	555 dload_2 (3, 1)
	556 dmul (3, 1)
	557 dadd (3, 1)
	558 dstore (3, 1)
	559 #4 (3, 1)
	560 ldc2_w (3, 1)
	561 -9.9298272942317e-07 (3, 1)
	563 dload (3, 1)
	564 #4 (3, 1)
	565 dload_2 (3, 1)
	566 dmul (3, 1)
	567 dadd (3, 1)
	568 dstore (3, 1)
	569 #4 (3, 1)
	570 ldc2_w (3, 1)
	571 4.526062597223154e-06 (3, 1)
	573 dload (3, 1)
	574 #4 (3, 1)
	575 dload_2 (3, 1)
	576 dmul (3, 1)
	577 dadd (3, 1)
	578 dstore (3, 1)
	579 #4 (3, 1)
	580 ldc2_w (3, 1)
	581 -1.968177810553167e-05 (3, 1)
	583 dload (3, 1)
	584 #4 (3, 1)
	585 dload_2 (3, 1)
	586 dmul (3, 1)
	587 dadd (3, 1)
	588 dstore (3, 1)
	589 #4 (3, 1)
	590 ldc2_w (3, 1)
	591 7.599527703001776e-05 (3, 1)
	593 dload (3, 1)
	594 #4 (3, 1)
	595 dload_2 (3, 1)
	596 dmul (3, 1)
	597 dadd (3, 1)
	598 dstore (3, 1)
	599 #4 (3, 1)
	600 ldc2_w (3, 1)
	601 -0.00021503011930044477 (3, 1)
	603 dload (3, 1)
	604 #4 (3, 1)
	605 dload_2 (3, 1)
	606 dmul (3, 1)
	607 dadd (3, 1)
	608 dstore (3, 1)
	609 #4 (3, 1)
	610 ldc2_w (3, 1)
	611 -0.00013871931833623122 (3, 1)
	613 dload (3, 1)
	614 #4 (3, 1)
	615 dload_2 (3, 1)
	616 dmul (3, 1)
	617 dadd (3, 1)
	618 dstore (3, 1)
	619 #4 (3, 1)
	620 ldc2_w (3, 1)
	621 1.0103004648645344 (3, 1)
	623 dload (3, 1)
	624 #4 (3, 1)
	625 dload_2 (3, 1)
	626 dmul (3, 1)
	627 dadd (3, 1)
	628 dstore (3, 1)
	629 #4 (3, 1)
	630 ldc2_w (3, 1)
	631 4.849906401408584 (3, 1)
	633 dload (3, 1)
	634 #4 (3, 1)
	635 dload_2 (3, 1)
	636 dmul (3, 1)
	637 dadd (3, 1)
	638 dstore (3, 1)
	639 #4 (3, 1)
	640 goto (3, 1)
	641 8 (3, 1)
	643 ldc2_w (4, 2)
	644 inf (4, 2)
	646 dstore (4, 2)
	647 #4 (4, 2)
	648 dload (0, 0)
	649 #4 (0, 0)
	650 dload_0 (0, 0)
	651 dmul (0, 0)
	652 dreturn (0, 0)

Method: erfcInv
	0 dconst_1 (0, 0)
	1 dload_0 (0, 0)
	2 dsub (0, 0)
	3 invokestatic (0, 0)
	4 org/apache/commons/math3/special/Erf.erfInv:(D)D (0, 0)
	6 dreturn (0, 0)

